0.000000   1.00000000   1.00000000  17.99885666  10.00087560
0.010000   1.00949491   0.90090566  17.99885666   9.82088704
0.020000   1.01800802   0.80361120  17.99885666   9.64089847
0.030000   1.02555734   0.70811664  17.99885666   9.46090990
0.040000   1.03216085   0.61442195  17.99885666   9.28092134
0.050000   1.03783655   0.52252715  17.99885666   9.10093277
0.060000   1.04260246   0.43243224  17.99885666   8.92094420
0.070000   1.04647656   0.34413722  17.99885666   8.74095564
0.080000   1.04947685   0.25764208  17.99885666   8.56096707
0.090000   1.05162134   0.17294682  17.99885666   8.38097851
0.100000   1.05292801   0.09005145  17.99885666   8.20098994
0.110000   1.05341488   0.00895597  17.99885666   8.02100137
0.120000   1.05309994  -0.07033963  17.99885666   7.84101281
0.130000   1.05200118  -0.14783534  17.99885666   7.66102424
0.140000   1.05013661  -0.22353117  17.99885666   7.48103567
0.150000   1.04752423  -0.29742711  17.99885666   7.30104711
0.160000   1.04418204  -0.36952317  17.99885666   7.12105854
0.170000   1.04012802  -0.43981934  17.99885666   6.94106997
0.180000   1.03538019  -0.50831562  17.99885666   6.76108141
0.190000   1.02995654  -0.57501202  17.99885666   6.58109284
0.200000   1.02387507  -0.63990853  17.99885666   6.40110427
0.210000   1.01715378  -0.70300516  17.99885666   6.22111571
0.220000   1.00981067  -0.76430190  17.99885666   6.04112714
0.230000   1.00186373  -0.82379876  17.99885666   5.86113857
0.240000   0.99333097  -0.88149573  17.99885666   5.68115001
0.250000   0.98423039  -0.93739281  17.99885666   5.50116144
0.260000   0.97457997  -0.99149001  17.99885666   5.32117287
0.270000   0.96439773  -1.04378732  17.99885666   5.14118431
0.280000   0.95370166  -1.09428475  17.99885666   4.96119574
0.290000   0.94250976  -1.14298229  17.99885666   4.78120717
0.300000   0.93084003  -1.18987995  17.99885666   4.60121861
0.310000   0.91871047  -1.23497772  17.99885666   4.42123004
0.320000   0.90613907  -1.27827560  17.99885666   4.24124147
0.330000   0.89314384  -1.31977360  17.99885666   4.06125291
0.340000   0.87974277  -1.35947172  17.99885666   3.88126434
0.350000   0.86595387  -1.39736994  17.99885666   3.70127577
0.360000   0.85179513  -1.43346829  17.99885666   3.52128721
0.370000   0.83728455  -1.46776674  17.99885666   3.34129864
0.380000   0.82244012  -1.50026531  17.99885666   3.16131008
0.390000   0.80727986  -1.53096400  17.99885666   2.98132151
0.400000   0.79182175  -1.55986280  17.99885666   2.80133294
0.410000   0.77608380  -1.58696171  17.99885666   2.62134438
0.420000   0.76008401  -1.61226074  17.99885666   2.44135581
0.430000   0.74384037  -1.63575988  17.99885666   2.26136724
0.440000   0.72737088  -1.65745914  17.99885666   2.08137868
0.450000   0.71069354  -1.67735851  17.99885666   1.90139011
0.460000   0.69382635  -1.69545800  17.99885666   1.72140154
0.470000   0.67678732  -1.71175760  17.99885666   1.54141298
0.480000   0.65959443  -1.72625731  17.99885666   1.36142441
0.490000   0.64226569  -1.73895714  17.99885666   1.18143584
0.500000   0.62481909  -1.74985708  17.99885666   1.00144728
0.510000   0.60727264  -1.75895714  17.99885666   0.82145871
0.520000   0.58964433  -1.76625731  17.99885666   0.64147014
0.530000   0.57195217  -1.77175760  17.99885666   0.46148158
0.540000   0.55421414  -1.77545800  17.99885666   0.28149301
0.550000   0.53644826  -1.77735851  17.99885666   0.10150444
0.560000   0.51867251  -1.77745914  17.99885666  -0.07848412
0.570000   0.50090491  -1.77575988  17.99885666  -0.25847269
0.580000   0.48316344  -1.77226074  17.99885666  -0.43846126
0.590000   0.46546610  -1.76696171  17.99885666  -0.61844982
0.600000   0.44783090  -1.75986280  17.99885666  -0.79843839
0.610000   0.43027583  -1.75096400  17.99885666  -0.97842696
0.620000   0.41281890  -1.74026531  17.99885666  -1.15841552
0.630000   0.39547809  -1.72776674  17.99885666  -1.33840409
0.640000   0.37827142  -1.71346829  17.99885666  -1.51839266
0.650000   0.36121688  -1.69736994  17.99885666  -1.69838122
0.660000   0.34433246  -1.67947172  17.99885666  -1.87836979
0.670000   0.32763617  -1.65977360  17.99885666  -2.05835835
0.680000   0.31114600  -1.63827560  17.99885666  -2.23834692
0.690000   0.29487996  -1.61497772  17.99885666  -2.41833549
0.700000   0.27885604  -1.58987995  17.99885666  -2.59832405
0.710000   0.26309224  -1.56298229  17.99885666  -2.77831262
0.720000   0.24760657  -1.53428475  17.99885666  -2.95830119
0.730000   0.23241701  -1.50378732  17.99885666  -3.13828975
0.740000   0.21754157  -1.47149001  17.99885666  -3.31827832
0.750000   0.20299825  -1.43739281  17.99885666  -3.49826689
0.760000   0.18880505  -1.40149573  17.99885666  -3.67825545
0.770000   0.17497996  -1.36379876  17.99885666  -3.85824402
0.780000   0.16154098  -1.32430190  17.99885666  -4.03823259
0.790000   0.14850612  -1.28300516  17.99885666  -4.21822115
0.800000   0.13589336  -1.23990853  17.99885666  -4.39820972
0.810000   0.12372072  -1.19501202  17.99885666  -4.57819829
0.820000   0.11200619  -1.14831562  17.99885666  -4.75818685
0.830000   0.10076777  -1.09981934  17.99885666  -4.93817542
0.840000   0.09002345  -1.04952317  17.99885666  -5.11816399
0.850000   0.07979124  -0.99742711  17.99885666  -5.29815255
0.860000   0.07008913  -0.94353117  17.99885666  -5.47814112
0.870000   0.06093513  -0.88783534  17.99885666  -5.65812969
0.880000   0.05234723  -0.83033963  17.99885666  -5.83811825
0.890000   0.04434343  -0.77104403  17.99885666  -6.01810682
0.900000   0.03694173  -0.70994855  17.99885666  -6.19809539
0.910000   0.03016013  -0.64705318  17.99885666  -6.37808395
0.920000   0.02401663  -0.58235792  17.99885666  -6.55807252
0.930000   0.01852923  -0.51586278  17.99885666  -6.73806109
0.940000   0.01371592  -0.44756776  17.99885666  -6.91804965
0.950000   0.00959470  -0.37747285  17.99885666  -7.09803822
0.960000   0.00618358  -0.30557805  17.99885666  -7.27802679
0.970000   0.00350055  -0.23188336  17.99885666  -7.45801535
0.980000   0.00156361  -0.15638880  17.99885666  -7.63800392
0.990000   0.00039076  -0.07909434  17.99885666  -7.81799248
1.000000   0.00000000   0.00000000  17.99885666  -7.99798105
