 -10.00087560
  -9.82088704
  -9.64089847
  -9.46090990
  -9.28092134
  -9.10093277
  -8.92094420
  -8.74095564
  -8.56096707
  -8.38097851
  -8.20098994
  -8.02100137
  -7.84101281
  -7.66102424
  -7.48103567
  -7.30104711
  -7.12105854
  -6.94106997
  -6.76108141
  -6.58109284
  -6.40110427
  -6.22111571
  -6.04112714
  -5.86113857
  -5.68115001
  -5.50116144
  -5.32117287
  -5.14118431
  -4.96119574
  -4.78120717
  -4.60121861
  -4.42123004
  -4.24124147
  -4.06125291
  -3.88126434
  -3.70127577
  -3.52128721
  -3.34129864
  -3.16131008
  -2.98132151
  -2.80133294
  -2.62134438
  -2.44135581
  -2.26136724
  -2.08137868
  -1.90139011
  -1.72140154
  -1.54141298
  -1.36142441
  -1.18143584
  -1.00144728
  -0.82145871
  -0.64147014
  -0.46148158
  -0.28149301
  -0.10150444
   0.07848412
   0.25847269
   0.43846126
   0.61844982
   0.79843839
   0.97842696
   1.15841552
   1.33840409
   1.51839266
   1.69838122
   1.87836979
   2.05835835
   2.23834692
   2.41833549
   2.59832405
   2.77831262
   2.95830119
   3.13828975
   3.31827832
   3.49826689
   3.67825545
   3.85824402
   4.03823259
   4.21822115
   4.39820972
   4.57819829
   4.75818685
   4.93817542
   5.11816399
   5.29815255
   5.47814112
   5.65812969
   5.83811825
   6.01810682
   6.19809539
   6.37808395
   6.55807252
   6.73806109
   6.91804965
   7.09803822
   7.27802679
   7.45801535
   7.63800392
   7.81799248
   7.99798105
